equipment_id,equipment_name,equipment_type,count,section,ready,damaged,operational_readiness
GER_PANZER_III_AUSF_H_(5CM_L/42),Panzer III Ausf H (5cm L/42),tanks,42,tanks,35,7,83
GER_PANZER_III_AUSF_G_(3.7CM),Panzer III Ausf G (3.7cm),tanks,24,tanks,18,6,75
GER_PANZER_IV_AUSF_E_(7.5CM_L/24),Panzer IV Ausf E (7.5cm L/24),tanks,18,tanks,14,4,77
GER_PANZER_IV_AUSF_F_(7.5CM_L/24),Panzer IV Ausf F (7.5cm L/24),tanks,15,tanks,13,2,86
GER_PANZER_II_AUSF_C,Panzer II Ausf C,tanks,25,tanks,19,6,76
GER_PANZER_I_AUSF_B,Panzer I Ausf B,tanks,15,tanks,10,5,66
GER_SDKFZ_222_(LEICHTER_PANZERSPÄHWAGEN),SdKfz 222 (leichter Panzerspähwagen),armored_cars,22,armored_cars,18,4,81
GER_SDKFZ_231_(8_RAD),SdKfz 231 (8-Rad),armored_cars,14,armored_cars,11,3,78
GER_SDKFZ_232_(8_RAD)_(FU),SdKfz 232 (8-Rad) (Fu),armored_cars,12,armored_cars,10,2,83
GER_SDKFZ_250_(LEICHTER_SCHÜTZENPANZERWAGEN),SdKfz 250 (leichter Schützenpanzerwagen),halftracks,45,halftracks,38,7,84
GER_SDKFZ_251_AUSF_A_(MITTLERER_SCHÜTZENPANZERWAGEN),SdKfz 251 Ausf A (mittlerer Schützenpanzerwagen),halftracks,52,halftracks,44,8,84
GER_SDKFZ_10_(1_TON),SdKfz 10 (1-ton),halftracks,38,halftracks,32,6,84
GER_SDKFZ_7_(8_TON),SdKfz 7 (8-ton),halftracks,30,halftracks,26,4,86
GER_OPEL_BLITZ_3_TON,Opel Blitz 3-ton,trucks,720,trucks,720,0,100
GER_MERCEDES_BENZ_L3000,Mercedes-Benz L3000,trucks,385,trucks,385,0,100
GER_BÜSSING_NAG_4500,Büssing-NAG 4500,trucks,240,trucks,240,0,100
GER_FORD_V3000S,Ford V3000S,trucks,185,trucks,185,0,100
GER_KRUPP_L2H143,Krupp L2H143,trucks,165,trucks,165,0,100
GER_CAPTURED_BRITISH_VEHICLES,Captured British vehicles,trucks,155,trucks,155,0,100
GER_BMW_R75_(WITH_SIDECAR),BMW R75 (with sidecar),motorcycles,145,motorcycles,145,0,100
GER_ZÜNDAPP_KS750_(WITH_SIDECAR),Zündapp KS750 (with sidecar),motorcycles,85,motorcycles,85,0,100
GER_BMW_R12,BMW R12,motorcycles,55,motorcycles,55,0,100
GER_10.5CM_LEFH_18,10.5cm leFH 18,field_artillery,36,field_artillery,32,4,88
GER_15CM_SFH_18,15cm sFH 18,field_artillery,12,field_artillery,10,2,83
GER_5CM_PAK_38,5cm PaK 38,anti_tank,24,anti_tank,21,3,87
GER_3.7CM_PAK_36,3.7cm PaK 36,anti_tank,18,anti_tank,15,3,83
GER_8.8CM_FLAK_36,8.8cm FlaK 36,anti_aircraft,6,anti_aircraft,5,1,83
GER_2CM_FLAK_38,2cm FlaK 38,anti_aircraft,12,anti_aircraft,10,2,83
